39 05 01 01
39 04 01 02
39 03 01 03
39 30 01 04
39 17 01 05
39 0f 01 06
80 00 00 00
39 04 01 07
39 05 01 08
1d 07 00 11 
2C 07 08 0e
19 08 06 00
19 07 08 00
19 06 07 00 
12 08 01 08
12 07 01 07
3b 00 00 09
80 00 00 00
39 04 01 07
39 05 01 08
1d 07 01 1c 
2C 07 08 19
19 08 06 00
19 07 08 00
19 06 07 00 
12 08 01 08
12 07 01 07
3b 00 00 14
80 00 00 00
39 04 01 07
39 05 01 08
1d 07 01 27 
2C 07 08 24
19 08 06 00
19 07 08 00
19 06 07 00 
12 08 01 08
12 07 01 07
3b 00 00 1f
80 00 00 00
39 04 01 07
39 05 01 08
1d 07 01 32 
2C 07 08 2f
19 08 06 00
19 07 08 00
19 06 07 00 
12 08 01 08
12 07 01 07
3b 00 00 2A
3A 00 3d 06
3A 00 3e 07
3A 00 3f 08
3A 00 40 01
3A 00 41 02
3A 00 42 03
3A 00 43 04
3A 00 44 05
3f 00 00 00
00 00 00 00
